Specific Heat, Cp (in J kg-1 K-1
)
Temp.
K
__________Al___________ ____________Pb______________ ________________ Fe-Ni Alloys______________
3003 5083 6061 Apiezon-N
Grease Be Cu
(OFHC) G-10 Indium Invar
(Fe-36Ni) Normal Superconducting Fe-2.25Ni Fe-3.5Ni Fe-5.0Ni Fe-9.0Ni Platinum
1 0.02400 2.570 0.02435
2 0.2118 11.78 0.05529
3 0.8050 32.71 0.09667
4 0.2920 0.292 0.2920 2.031 0.09942 2.016 0.9463 0.9749 75.27 0.1524
6 0.6047 0.605 0.6047 6.761 0.2303 5.463 3.505 1.475 297.0 0.3300
8 1.048 1.048 1.048 14.38 0.4639 10.03 8.387 2.179 764.6 0.6349
10 1.573 1.573 1.573 24.32 0.8558 15.36 15.28 3.130 13.69 1539 1.115
12 2.268 2.268 2.268 35.98 0.5348 1.470 21.20 23.56 4.334 21.43 1.814
14 3.235 3.235 3.235 48.91 0.7169 2.375 27.41 32.62 5.814 29.51 2.770
16 4.581 4.581 4.581 62.76 0.9528 3.640 33.85 42.06 7.621 37.50 4.009
18 6.416 6.416 6.416 77.31 1.249 5.327 40.46 51.61 9.800 45.14 5.544
20 8.854 8.854 8.854 92.37 1.607 7.491 47.17 61.08 12.34 52.25 7.376
30 33.45 33.45 33.45 171.8 4.413 26.40 81.31 104.5 79.06 20.35
40 81.96 81.96 81.96 252.8 9.544 57.63 115.4 138.6 94.45 36.78
50 148.8 148.8 148.8 331.4 18.58 95.84 149.1 163.3 103.4 84.17 84.17 84.17 84.17 52.95
60 223.6 223.6 223.6 405.6 33.66 135.2 182.5 179.9 109.0 90.95 90.95 90.95 90.95 66.88
70 298.3 298.3 298.3 474.9 57.08 171.8 215.9 190.5 112.7 124.8 124.8 124.8 124.8 78.06
80 368.7 368.7 368.7 539.1 90.79 203.8 249.4 196.9 115.3 162.6 162.6 162.6 162.6 86.73
90 433.3 433.3 433.3 598.9 135.9 230.9 283.0 200.7 117.2 196.7 196.7 196.7 196.7 93.40
100 492.2 492.2 492.2 654.9 192.7 253.5 316.9 203.1 118.7 225.6 225.6 225.6 225.6 98.57
120 594.1 594.1 594.1 759.2 336.8 287.6 385.2 206.0 120.9 273.1 273.1 273.1 273.1 106.0
140 677.6 677.6 677.6 858.9 510.4 311.6 454.4 209.1 122.5 312.9 312.9 312.9 312.9 111.4
160 744.5 744.5 744.5 960.6 700.1 329.4 524.3 213.5 123.9 346.9 346.9 346.9 346.9 115.7
180 796.4 796.4 796.4 1070 897.4 343.4 594.4 219.0 125.2 375.1 375.1 375.1 375.1 119.5
200 835.2 835.2 835.2 1194 1097 355.0 664.4 225.0 126.3 397.6 397.6 397.6 397.6 122.9
220 863.7 863.7 863.7 1339 1296 364.7 733.9 230.6 127.4 415.8 415.8 415.8 415.8 125.7
240 885.4 885.4 885.4 1510 1488 372.6 802.5 234.5 128.4 431.0 431.0 431.0 431.0 127.7
260 904.6 904.6 904.6 1717 1661 378.6 869.8 235.7 129.2 443.8 443.8 443.8 443.8 128.8
280 925.8 925.8 925.8 1968 1800 382.5 935.3 233.1 129.8 453.5 453.5 453.5 453.5 128.7
300 953.9 953.9 953.9 2276 1883 384.0 998.7 130.1 457.7 457.7 457.7 457.7
Specific Heat, Cp (in J kg-1 K-1
), continued
_________ __Polystyrene _____ _______ ________Polyurethane____ _____ Stainless Steel ____
Temp.
K
Polyamide
(Nylon)
Polyimide
(Kapton) 99.96 kg m-3 9.93 kg m-3 6.07 kg m-3 49.02 kg m-3 389.25 kg m-3
Polyvinyl
Chloride
(PVC)
304 304L 310 316 Teflon
1
2
3
4 1.560 0.7916 1.849 1.674 2.164 1.977 2.232
6 4.986 2.708 2.945 2.557 3.166 2.963 3.690
8 11.01 6.306 4.041 3.525 4.160 4.047 9.104
10 20.00 11.68 9.335 5.163 4.571 5.226 5.203 18.02
12 31.89 18.70 13.41 6.394 5.740 6.350 6.494 29.27
14 46.34 27.10 17.57 7.806 7.004 7.524 7.958 41.50
16 62.87 36.61 21.52 9.456 8.399 8.780 9.615 53.77
18 80.98 46.96 25.25 11.39 10.02 10.18 11.49 65.60
20 100.2 57.92 42.26 28.80 13.65 11.88 11.78 13.61 76.79
30 201.4 116.2 70.85 46.12 30.70 25.79 29.22 124.3
40 297.2 172.9 111.9 64.72 58.22 55.98 57.55 164.4
50 383.5 224.3 158.3 84.66 94.57 98.21 100.2 202.1
60 461.8 270.4 207.2 105.4 135.7 134.2 141.8 239.0
70 534.2 311.7 257.8 126.8 177.4 167.7 179.9 275.6
80 602.2 348.9 310.0 148.9 216.1 197.7 214.7 312.0
90 667.0 382.8 363.9 171.6 250.2 224.1 245.8 348.4
100 729.0 413.7 441.8 521.4 472.7 419.6 555.6 195.3 279.0 247.5 273.0 384.6
120 846.2 468.4 540.4 583.5 535.8 535.9 635.4 246.2 322.3 287.1 317.3 456.7
140 955.6 515.7 629.9 643.5 602.8 657.9 715.9 302.5 351.7 320.2 351.9 528.4
160 1058 557.1 719.3 705.6 670.8 783.7 796.3 365.2 373.6 348.8 380.3 599.6
180 1155 593.8 809.1 769.5 740.2 910.5 877.5 435.3 392.2 373.7 404.5 670.0
200 1247 626.8 898.5 834.6 811.4 1035 959.0 514.3 410.0 395.0 424.8 738.9
220 1335 656.6 987.3 900.6 884.2 1155 1039 604.1 428.0 413.2 441.6 805.8
240 1421 683.9 1076 968.1 958.5 1268 1117 708.2 446.0 428.9 455.1 869.5
260 1507 709.1 1164 1038 1035 1370 1193 831.5 463.5 443.0 466.5 929.2
280 1594 732.5 1251 1111 1115 1460 1269 981.0 479.1 457.0 477.4 983.6
300 1684 754.5 1337 1189 1201 1537 1351 1167 491.3 472.8 490.2 1032